mse: 0.1935896013265683
rel_l2: 0.6222372559218364
