mse: 0.1352381570378779
rel_l2: 0.5200733737450421
