mse: 0.13734897060899479
rel_l2: 0.5241163432109589
